109
106
110
108
113
107
107
107
108
106
107
107
107
111
107
106
108
107
107
107
106
107
108
106
108
107
106
111
107
107
109
107
107
108
107
109
107
108
107
107
108
107
107
108
107
107
110
106
107
108
107
114
107
108
108
107
108
107
109
109
106
108
108
109
108
110
107
106
116
108
107
107
107
108
107
106
108
108
108
108
106
107
105
108
106
107
107
109
106
107
107
107
108
107
107
107
108
108
109
105
108
108
106
107
108
108
108
106
107
108
105
108
107
108
107
107
107
107
107
107
107
108
107
106
108
109
109
107
106
107
108
108
107
107
105
107
107
108
108
110
106
105
107
107
108
108
107
107
107
110
107
107
108
106
112
107
107
107
107
108
106
109
107
109
107
107
108
107
106
108
107
110
107
107
107
108
107
106
106
106
107
107
107
107
108
109
108
108
109
107
106
108
107
106
107
107
106
107
107
108
107
108
108
107
108
107
108
107
108
106
108
105
108
106
106
105
110
107
108
107
108
109
106
108
108
108
106
108
108
109
107
108
106
108
107
107
108
105
108
109
111
108
106
108
108
106
107
108
109
106
113
106
106
109
106
109
108
106
106
106
107
107
109
107
107
107
109
108
105
107
107
108
107
107
107
108
106
108
107
106
107
109
107
106
107
107
107
107
106
106
107
109
105
107
107
109
106
107
106
107
109
108
107
106
107
107
106
107
107
105
108
107
108
106
107
107
108
106
106
105
106
106
107
106
106
106
110
107
108
108
108
106
106
106
109
104
105
106
109
107
107
106
108
107
108
106
107
107
107
107
108
107
107
108
107
106
108
108
106
106
108
107
107
106
108
106
106
106
109
107
106
107
106
105
110
107
107
108
107
107
108
107
107
105
107
107
107
108
107
107
110
106
107
106
108
106
107
105
107
107
107
106
107
108
105
104
107
106
107
107
107
108
109
107
106
107
107
106
106
110
107
107
107
107
106
106
107
107
108
107
106
107
113
113
107
113
109
108
106
105
107
108
106
107
107
108
108
107
108
107
107
107
108
107
107
119
110
108
108
108
106
106
106
107
107
106
105
106
108
107
107
106
117
109
107
108
108
108
108
107
107
106
107
107
108
107
108
107
105
108
108
108
108
106
107
106
107
107
108
105
107
107
106
106
107
107
105
106
108
105
109
105
107
107
107
106
108
107
107
109
107
108
106
108
107
109
106
110
107
108
106
126
122
112
114
108
107
108
107
108
109
116
107
106
105
108
109
107
106
106
112
109
109
107
108
108
109
108
106
105
109
105
109
107
107
106
107
108
108
109
109
107
109
106
106
112
107
107
108
106
106
106
107
106
105
107
107
109
106
108
108
108
108
111
107
106
107
107
108
107
107
107
106
107
108
107
108
109
108
108
106
109
108
109
107
107
108
105
106
107
107
108
106
108
108
107
107
109
107
109
107
106
107
108
107
108
108
107
109
106
109
107
109
107
118
106
107
107
106
108
107
108
110
106
109
108
107
107
106
120
108
107
108
107
108
109
107
106
107
107
106
106
113
107
108
106
107
107
107
107
109
105
106
107
107
109
106
106
106
108
107
113
112
110
115
108
107
107
107
114
114
107
108
107
105
114
108
108
108
108
105
108
107
107
108
108
108
117
106
109
108
108
106
106
107
113
107
105
108
106
107
106
108
113
131
112
115
109
107
108
110
107
109
109
105
107
108
107
107
110
109
106
111
107
105
112
107
108
109
105
107
109
109
107
107
108
107
106
109
108
107
108
108
108
108
106
107
106
107
107
106
107
108
107
108
106
107
107
107
106
107
106
107
108
108
109
110
106
108
108
109
106
111
108
108
107
108
108
108
108
107
106
107
107
106
105
107
108
107
106
106
107
107
109
106
108
105
106
107
106
107
109
106
111
108
106
106
106
107
108
107
107
107
107
108
108
107
108
108
108
107
106
108
107
107
108
107
106
109
107
107
109
105
107
107
107
107
108
108
106
105
108
106
108
105
108
108
107
106
108
107
107
107
106
109
106
109
106
107
107
108
107
107
108
107
108
107
106
107
107
105
107
106
106
106
107
107
107
106
107
110
107
107
106
109
107
104
106
107
107
106
104
106
107
107
107
107
107
106
106
106
107
107
107
108
107
106
107
108
108
107
107
107
106
106
106
107
109
107
111
107
108
107
107
107
107
106
106
108
108
108
109
107
108
105
108
107
110
108
108
107
108
107
107
107
108
108
108
107
106
113
107
112
109
110
109
107
111
120
108
108
108
107
108
107
106
107
108
108
106
